-7.013715058565139771e-02 -2.354377508163452148e-02 -1.376585662364959717e-02 -5.323397926986217499e-03 -9.716514497995376587e-03 -3.647700697183609009e-02 -1.650215685367584229e-02 -2.073569921776652336e-03 -3.307241946458816528e-03 -3.226286917924880981e-02
2.094015665352344513e-02 2.979239076375961304e-02 1.670399308204650879e-02 2.962648868560791016e-03 1.348870992660522461e-02 2.883639931678771973e-02 9.294375777244567871e-03 2.153674140572547913e-03 8.420666679739952087e-03 5.404985323548316956e-02
3.016473911702632904e-02 -1.018915325403213501e-02 1.257243752479553223e-02 1.235568523406982422e-02 1.247472688555717468e-02 1.082557439804077148e-02 2.385213971138000488e-02 6.005913019180297852e-04 -2.060391008853912354e-03 -1.835193857550621033e-02
-4.861637484282255173e-03 3.109035268425941467e-02 2.714279294013977051e-02 1.507198158651590347e-02 2.888496592640876770e-02 -4.199457913637161255e-02 4.401995986700057983e-02 4.120826721191406250e-03 3.532707691192626953e-03 6.075859069824218750e-03
1.247782334685325623e-01 9.580641984939575195e-03 5.833029747009277344e-03 -2.627648413181304932e-03 4.311501979827880859e-03 -7.956242561340332031e-02 1.207402348518371582e-02 2.851448953151702881e-03 -1.034408621490001678e-02 -2.418560162186622620e-02
-1.782349497079849243e-02 5.090878345072269440e-03 -5.460225045680999756e-03 -1.290470361709594727e-03 -7.188692688941955566e-03 -1.507910341024398804e-02 -2.650574781000614166e-02 1.641809940338134766e-04 -5.012452602386474609e-04 -2.868431806564331055e-02
8.913165220292285085e-05 3.366165980696678162e-02 6.065632216632366180e-03 5.657078698277473450e-03 4.919830244034528732e-03 -2.114611491560935974e-02 1.720850542187690735e-02 6.727731321007013321e-03 1.917604939080774784e-03 1.366659440100193024e-02
2.139974571764469147e-02 3.375215921550989151e-03 1.873458176851272583e-02 -5.805391818284988403e-03 1.398289203643798828e-02 9.022355079650878906e-04 -1.501729339361190796e-02 3.959327936172485352e-03 4.092216491699218750e-03 7.282063364982604980e-03
-1.514372602105140686e-02 1.352721638977527618e-02 -5.729775875806808472e-03 4.116754978895187378e-03 -4.786521196365356445e-03 -4.166415706276893616e-02 -1.170809566974639893e-02 4.207670688629150391e-03 -8.385501801967620850e-03 -6.134410947561264038e-02
-8.829972892999649048e-02 -2.809774316847324371e-02 3.021538257598876953e-03 3.310695290565490723e-03 -3.375262022018432617e-04 -5.325147509574890137e-02 1.864323019981384277e-02 -6.819784641265869141e-03 -3.318436443805694580e-03 -3.835806250572204590e-02
